% -------------------------------------------------------------------
%  Generated by MATLAB on 16-Dec-2019 20:38:10
%  MATLAB version: 9.2.0.556344 (R2017a)
% -------------------------------------------------------------------
                                  

fig3 = struct;
fig3.lamin = struct;
fig3.lamin.median = struct;
fig3.lamin.median.wtLA = 40.392804743884156;
fig3.lamin.median.wtLAr = 33.517466453822692;
fig3.lamin.median.wtLC = 30.939828385604134;
fig3.lamin.median.wtLCr = 30.851673333578724;
fig3.lamin.median.wtLB1 = 38.103853908978166;
fig3.lamin.median.wtLB1r = 32.063768480935352;
fig3.lamin.median.wtLB2 = 27.564025959284354;
fig3.lamin.median.wtLB2r = 28.137834634375277;
fig3.lamin.median.LB1koLA = 45.132961686144789;
fig3.lamin.median.LB1koLAr = 42.410032522328414;
fig3.lamin.median.LACkoLB1 = 34.941124016659558;
fig3.lamin.median.LACkoLB1r = 35.773050331483546;
fig3.lamin.median_diff = struct;
fig3.lamin.median_diff.wtLA_minus_wtLAr = 6.8753382900614639;
fig3.lamin.median_diff.wtLC_minus_wtLCr = 0.088155052025410185;
fig3.lamin.median_diff.wtLB1_minus_wtLB1r = 6.0400854280428149;
fig3.lamin.median_diff.wtLB2_minus_wtLB2r = -0.57380867509092326;
fig3.lamin.median_diff.LB1koLA_minus_LB1koLAr = 2.7229291638163744;
fig3.lamin.median_diff.LACkoLB1_minus_LACkoLB1r = -0.83192631482398838;
fig3.lamin.p_values = struct;
fig3.lamin.p_values.wtLA_vs_wtLAr = 6.83927315632511E-67;
fig3.lamin.p_values.wtLC_vs_wtLCr = 0.366322527859689;
fig3.lamin.p_values.wtLB1_vs_wtLB1r = 1.5466593817296385E-60;
fig3.lamin.p_values.wtLB2_vs_wtLB2r = 0.00073982360653361155;
fig3.lamin.p_values.LB1koLA_vs_LB1koLAr = 0.59390964217627384;
fig3.lamin.p_values.LACkoLB1_vs_LACkoLB1r = 7.4521444198152061E-8;
fig3.lamin.p_values_matched = struct;
fig3.lamin.p_values_matched.wtLA_vs_wtLAr = 9.4703957944796911E-31;
fig3.lamin.p_values_matched.wtLC_vs_wtLCr = 0.45274955358513919;
fig3.lamin.p_values_matched.wtLB1_vs_wtLB1r = 5.9611476996649983E-28;
fig3.lamin.p_values_matched.wtLB2_vs_wtLB2r = 0.038622118642244969;
fig3.lamin.p_values_matched.LB1koLA_vs_LB1koLAr = 0.56990545397855652;
fig3.lamin.p_values_matched.LACkoLB1_vs_LACkoLB1r = 0.001155376000785668;
fig3.face = struct;
fig3.face.median = struct;
fig3.face.median.wtLA = 119.28037891758161;
fig3.face.median.wtLAr = 130.94165562804412;
fig3.face.median.wtLC = 119.41652418836766;
fig3.face.median.wtLCr = 123.32274311237326;
fig3.face.median.wtLB1 = 118.31146298825243;
fig3.face.median.wtLB1r = 129.07418505662559;
fig3.face.median.wtLB2 = 116.69389857088427;
fig3.face.median.wtLB2r = 117.2949791635188;
fig3.face.median.LB1koLA = 123.97149628395475;
fig3.face.median.LB1koLAr = 146.0088857598802;
fig3.face.median.LACkoLB1 = 122.11895689619313;
fig3.face.median.LACkoLB1r = 133.20562576177173;
fig3.face.median_diff = struct;
fig3.face.median_diff.wtLA_minus_wtLAr = -11.661276710462502;
fig3.face.median_diff.wtLC_minus_wtLCr = -3.9062189240056;
fig3.face.median_diff.wtLB1_minus_wtLB1r = -10.762722068373165;
fig3.face.median_diff.wtLB2_minus_wtLB2r = -0.60108059263453129;
fig3.face.median_diff.LB1koLA_minus_LB1koLAr = -22.037389475925451;
fig3.face.median_diff.LACkoLB1_minus_LACkoLB1r = -11.086668865578602;
fig3.face.p_values = struct;
fig3.face.p_values.wtLA_vs_wtLAr = 5.2647422331902954E-89;
fig3.face.p_values.wtLC_vs_wtLCr = 1.9415388991657303E-16;
fig3.face.p_values.wtLB1_vs_wtLB1r = 7.0076398300803493E-96;
fig3.face.p_values.wtLB2_vs_wtLB2r = 0.24798287864126212;
fig3.face.p_values.LB1koLA_vs_LB1koLAr = 8.6597567841598312E-235;
fig3.face.p_values.LACkoLB1_vs_LACkoLB1r = 2.5291118672333519E-86;
fig3.face.p_values_matched = struct;
fig3.face.p_values_matched.wtLA_vs_wtLAr = 2.8117662033917982E-41;
fig3.face.p_values_matched.wtLC_vs_wtLCr = 8.0360481890786794E-7;
fig3.face.p_values_matched.wtLB1_vs_wtLB1r = 2.2662080281190055E-46;
fig3.face.p_values_matched.wtLB2_vs_wtLB2r = 0.39352603165541689;
fig3.face.p_values_matched.LB1koLA_vs_LB1koLAr = 2.1521682028577093E-110;
fig3.face.p_values_matched.LACkoLB1_vs_LACkoLB1r = 2.7171021285627673E-38;

