% -------------------------------------------------------------------
%  Generated by MATLAB on 16-Dec-2019 19:41:47
%  MATLAB version: 9.2.0.556344 (R2017a)
% -------------------------------------------------------------------
                                  

fig6 = struct;
fig6.LA = struct;
fig6.LA.median = struct;
fig6.LA.median.scrambled = 50.855782428339936;
fig6.LA.median.scrambledr = 33.569209139226388;
fig6.LA.median.tprkd = 58.389581670236488;
fig6.LA.median.tprkdr = 31.871134016071036;
fig6.LA.median.elyskd = 70.811551831921719;
fig6.LA.median.elyskdr = 32.949620066296575;
fig6.LA.median.nup153kd = 50.082750931492455;
fig6.LA.median.nup153kdr = 31.10224774716329;
fig6.LA.median_diff = struct;
fig6.LA.median_diff.scrambled_minus_scrambledr = 17.286573289113548;
fig6.LA.median_diff.tprkd_minus_tprkdr = 26.518447654165453;
fig6.LA.median_diff.elyskd_minus_elyskdr = 37.861931765625144;
fig6.LA.median_diff.nup153kd_minus_nup153kdr = 18.980503184329166;
fig6.LA.p_values = struct;
fig6.LA.p_values.scrambled_vs_scrambledr = 0;
fig6.LA.p_values.tprkd_vs_tprkdr = 0;
fig6.LA.p_values.elyskd_vs_elyskdr = 0;
fig6.LA.p_values.nup153kd_vs_nup153kdr = 0;
fig6.LA.p_values_matched = struct;
fig6.LA.p_values_matched.scrambled_vs_scrambledr = 0;
fig6.LA.p_values_matched.tprkd_vs_tprkdr = 0;
fig6.LA.p_values_matched.elyskd_vs_elyskdr = 0;
fig6.LA.p_values_matched.nup153kd_vs_nup153kdr = 0;
fig6.LA.vs_scrambled = struct;
fig6.LA.vs_scrambled.median = struct;
fig6.LA.vs_scrambled.median.scrambled = 50.855782428339936;
fig6.LA.vs_scrambled.median.scrambledr = 33.569209139226388;
fig6.LA.vs_scrambled.median.tprkd = 58.389581670236488;
fig6.LA.vs_scrambled.median.tprkdr = 31.871134016071036;
fig6.LA.vs_scrambled.median.elyskd = 70.811551831921719;
fig6.LA.vs_scrambled.median.elyskdr = 32.949620066296575;
fig6.LA.vs_scrambled.median.nup153kd = 50.082750931492455;
fig6.LA.vs_scrambled.median.nup153kdr = 31.10224774716329;
fig6.LA.vs_scrambled.median_diff = struct;
fig6.LA.vs_scrambled.median_diff.scrambled_minus_scrambled = 0;
fig6.LA.vs_scrambled.median_diff.scrambledr_minus_scrambled = -17.286573289113548;
fig6.LA.vs_scrambled.median_diff.tprkd_minus_scrambled = 7.5337992418965527;
fig6.LA.vs_scrambled.median_diff.tprkdr_minus_scrambled = -18.9846484122689;
fig6.LA.vs_scrambled.median_diff.elyskd_minus_scrambled = 19.955769403581783;
fig6.LA.vs_scrambled.median_diff.elyskdr_minus_scrambled = -17.906162362043361;
fig6.LA.vs_scrambled.median_diff.nup153kd_minus_scrambled = -0.77303149684748007;
fig6.LA.vs_scrambled.median_diff.nup153kdr_minus_scrambled = -19.753534681176646;
fig6.LA.vs_scrambled.p_values = struct;
fig6.LA.vs_scrambled.p_values.scrambled_vs_scrambled = 1;
fig6.LA.vs_scrambled.p_values.scrambledr_vs_scrambled = 0;
fig6.LA.vs_scrambled.p_values.tprkd_vs_scrambled = 1.50405837041721E-77;
fig6.LA.vs_scrambled.p_values.tprkdr_vs_scrambled = 0;
fig6.LA.vs_scrambled.p_values.elyskd_vs_scrambled = 0;
fig6.LA.vs_scrambled.p_values.elyskdr_vs_scrambled = 0;
fig6.LA.vs_scrambled.p_values.nup153kd_vs_scrambled = 0.0022360659509902607;
fig6.LA.vs_scrambled.p_values.nup153kdr_vs_scrambled = 0;
fig6.LA.vs_scrambled.p_values_matched = struct;
fig6.LA.vs_scrambled.p_values_matched.scrambled_vs_scrambled = 1;
fig6.LA.vs_scrambled.p_values_matched.scrambledr_vs_scrambled = 0;
fig6.LA.vs_scrambled.p_values_matched.tprkd_vs_scrambled = 4.5665923488029537E-77;
fig6.LA.vs_scrambled.p_values_matched.tprkdr_vs_scrambled = 0;
fig6.LA.vs_scrambled.p_values_matched.elyskd_vs_scrambled = 8.98838013072664E-296;
fig6.LA.vs_scrambled.p_values_matched.elyskdr_vs_scrambled = 0;
fig6.LA.vs_scrambled.p_values_matched.nup153kd_vs_scrambled = 0.0029858993565195458;
fig6.LA.vs_scrambled.p_values_matched.nup153kdr_vs_scrambled = 0;
fig6.LB1 = struct;
fig6.LB1.median = struct;
fig6.LB1.median.scrambled = 51.604933079994012;
fig6.LB1.median.scrambledr = 35.394213319298174;
fig6.LB1.median.tprkd = 52.128740237459006;
fig6.LB1.median.tprkdr = 31.281784892954857;
fig6.LB1.median.elyskd = 48.485890003956079;
fig6.LB1.median.elyskdr = 31.102474902796921;
fig6.LB1.median.nup153kd = 46.869249746601319;
fig6.LB1.median.nup153kdr = 35.160268931297075;
fig6.LB1.median_diff = struct;
fig6.LB1.median_diff.scrambled_minus_scrambledr = 16.210719760695838;
fig6.LB1.median_diff.tprkd_minus_tprkdr = 20.846955344504149;
fig6.LB1.median_diff.elyskd_minus_elyskdr = 17.383415101159159;
fig6.LB1.median_diff.nup153kd_minus_nup153kdr = 11.708980815304244;
fig6.LB1.p_values = struct;
fig6.LB1.p_values.scrambled_vs_scrambledr = 0;
fig6.LB1.p_values.tprkd_vs_tprkdr = 0;
fig6.LB1.p_values.elyskd_vs_elyskdr = 0;
fig6.LB1.p_values.nup153kd_vs_nup153kdr = 0;
fig6.LB1.p_values_matched = struct;
fig6.LB1.p_values_matched.scrambled_vs_scrambledr = 0;
fig6.LB1.p_values_matched.tprkd_vs_tprkdr = 0;
fig6.LB1.p_values_matched.elyskd_vs_elyskdr = 0;
fig6.LB1.p_values_matched.nup153kd_vs_nup153kdr = 4.8343899425425508E-172;
fig6.LB1.vs_scrambled = struct;
fig6.LB1.vs_scrambled.median = struct;
fig6.LB1.vs_scrambled.median.scrambled = 51.604933079994012;
fig6.LB1.vs_scrambled.median.scrambledr = 35.394213319298174;
fig6.LB1.vs_scrambled.median.tprkd = 52.128740237459006;
fig6.LB1.vs_scrambled.median.tprkdr = 31.281784892954857;
fig6.LB1.vs_scrambled.median.elyskd = 48.485890003956079;
fig6.LB1.vs_scrambled.median.elyskdr = 31.102474902796921;
fig6.LB1.vs_scrambled.median.nup153kd = 46.869249746601319;
fig6.LB1.vs_scrambled.median.nup153kdr = 35.160268931297075;
fig6.LB1.vs_scrambled.median_diff = struct;
fig6.LB1.vs_scrambled.median_diff.scrambled_minus_scrambled = 0;
fig6.LB1.vs_scrambled.median_diff.scrambledr_minus_scrambled = -16.210719760695838;
fig6.LB1.vs_scrambled.median_diff.tprkd_minus_scrambled = 0.52380715746499362;
fig6.LB1.vs_scrambled.median_diff.tprkdr_minus_scrambled = -20.323148187039155;
fig6.LB1.vs_scrambled.median_diff.elyskd_minus_scrambled = -3.1190430760379328;
fig6.LB1.vs_scrambled.median_diff.elyskdr_minus_scrambled = -20.502458177197092;
fig6.LB1.vs_scrambled.median_diff.nup153kd_minus_scrambled = -4.7356833333926929;
fig6.LB1.vs_scrambled.median_diff.nup153kdr_minus_scrambled = -16.444664148696937;
fig6.LB1.vs_scrambled.p_values = struct;
fig6.LB1.vs_scrambled.p_values.scrambled_vs_scrambled = 1;
fig6.LB1.vs_scrambled.p_values.scrambledr_vs_scrambled = 0;
fig6.LB1.vs_scrambled.p_values.tprkd_vs_scrambled = 0.0026334182755967722;
fig6.LB1.vs_scrambled.p_values.tprkdr_vs_scrambled = 0;
fig6.LB1.vs_scrambled.p_values.elyskd_vs_scrambled = 3.6469108860934281E-21;
fig6.LB1.vs_scrambled.p_values.elyskdr_vs_scrambled = 0;
fig6.LB1.vs_scrambled.p_values.nup153kd_vs_scrambled = 3.3809852145202826E-33;
fig6.LB1.vs_scrambled.p_values.nup153kdr_vs_scrambled = 0;
fig6.LB1.vs_scrambled.p_values_matched = struct;
fig6.LB1.vs_scrambled.p_values_matched.scrambled_vs_scrambled = 1;
fig6.LB1.vs_scrambled.p_values_matched.scrambledr_vs_scrambled = 0;
fig6.LB1.vs_scrambled.p_values_matched.tprkd_vs_scrambled = 0.0046891457993243086;
fig6.LB1.vs_scrambled.p_values_matched.tprkdr_vs_scrambled = 0;
fig6.LB1.vs_scrambled.p_values_matched.elyskd_vs_scrambled = 1.7779963557469104E-15;
fig6.LB1.vs_scrambled.p_values_matched.elyskdr_vs_scrambled = 0;
fig6.LB1.vs_scrambled.p_values_matched.nup153kd_vs_scrambled = 2.1329575023711147E-29;
fig6.LB1.vs_scrambled.p_values_matched.nup153kdr_vs_scrambled = 0;
fig6.LB2 = struct;
fig6.LB2.median = struct;
fig6.LB2.median.scrambled = 30.072148992442074;
fig6.LB2.median.scrambledr = 34.4446683024583;
fig6.LB2.median.tprkd = 28.560203471397418;
fig6.LB2.median.tprkdr = 30.237454585437838;
fig6.LB2.median.elyskd = 34.177372599408152;
fig6.LB2.median.elyskdr = 31.171362708428184;
fig6.LB2.median.nup153kd = 24.955151615108662;
fig6.LB2.median.nup153kdr = 31.682186368046004;
fig6.LB2.median_diff = struct;
fig6.LB2.median_diff.scrambled_minus_scrambledr = -4.372519310016223;
fig6.LB2.median_diff.tprkd_minus_tprkdr = -1.6772511140404198;
